388
332
134
36
363
395
51
36
329
387
68
217
299
388
483
312
200
23
468
127
121
83
266
218
74
477
308
124
96
163
176
58
155
116
78
133
174
105
147
172
148
145
398
365
57
282
83
442
252
127
202
358
391
149
351
265
321
315
465
415
372
44
399
90
224
146
439
97
127
84
380
213
480
149
333
453
362
342
42
73
298
61
489
246
289
354
452
238
141
52
350
387
224
440
321
159
350
93
498
211
214
343
481
426
155
456
128
19
261
447
145
449
108
174
169
90
119
381
428
238
242
141
28
3
146
48
124
436
398
339
399
291
260
450
345
483
235
76
190
35
85
471
353
222
291
51
108
330
265
334
125
312
6
279
31
149
347
95
127
451
270
73
109
311
82
143
275
203
414
319
293
431
103
48
348
463
107
431
294
378
234
85
498
409
98
362
414
221
275
146
380
116
492
340
64
484
174
66
233
446
265
167
203
182
307
213
204
205
238
450
178
281
108
306
411
283
485
339
276
355
373
34
369
460
356
340
463
376
441
293
233
344
311
384
364
289
256
372
59
77
132
179
85
346
121
94
336
28
49
42
395
159
333
144
208
300
43
340
36
406
29
469
447
66
425
117
225
405
469
105
73
451
306
430
278
361
319
417
17
199
115
153
97
473
470
420
38
182
469
69
253
288
88
482
262
94
399
334
232
291
83
130
223
161
69
471
281
397
117
138
235
276
405
5
271
367
85
38
199
331
258
442
208
181
89
287
227
127
208
220
361
462
234
268
15
454
321
370
201
381
110
389
160
120
59
472
33
391
484
450
484
372
302
252
105
104
309
2
235
280
391
232
224
496
250
80
93
62
376
378
1
492
439
59
85
217
444
105
391
312
359
92
493
167
260
326
196
135
174
6
397
100
166
45
140
431
365
120
134
49
242
86
423
91
438
374
428
330
213
259
220
170
52
275
93
206
477
418
379
123
247
52
30
233
109
347
86
396
212
109
293
33
296
60
244
345
337
133
297
13
356
437
169
418
370
25
182
458
93
77
281
409
442
466
52
470
372
158
331
63
60
260
339
149
54
37
396
245
182
482
189
17
73
140
218
112
351
151
240
313
18
227
7
254
249
42
12
92
350
486
64
261
191
389
413
308
311
144
321
62
